NATS=   1200
1.0
 0.0          22.866194 0.0          22.866194 0.0          22.866194
 H         0.023879       -0.034565        0.000000
 O         0.965436        0.019757        0.000000
 H         1.140511       -0.906974        0.000000
 H         2.583257       18.216841       20.185938
 O         3.524815       18.271164       20.185938
 H         3.699890       17.344433       20.185938
 H         4.685925        6.641456        3.595938
 O         5.627482        6.695777        3.595938
 H         5.802557        5.769046        3.595938
 H         9.262030        5.685551       13.758285
 O        10.203588        5.739872       13.758285
 H        10.378663        4.813141       13.758285
 H         2.609053       14.200089       11.728666
 O         3.550610       14.254412       11.728666
 H         3.725686       13.327681       11.728666
 H         3.811517       13.830692       19.513359
 O         4.753074       13.885015       19.513359
 H         4.928149       12.958283       19.513359
 H        21.089680        1.573306        6.347017
 O        22.031239        1.627628        6.347017
 H        22.206312        0.700897        6.347017
 H         9.274346       16.798538        2.861653
 O        10.215904       16.852861        2.861653
 H        10.390980       15.926129        2.861653
 H         8.307769        9.908390       18.488621
 O         9.249327        9.962712       18.488621
 H         9.424402        9.035981       18.488621
 H        22.577097       16.585373       10.869064
 O        23.518656       16.639696       10.869064
 H        23.693729       15.712964       10.869064
 H         1.335294        7.316528        3.474662
 O         2.276851        7.370850        3.474662
 H         2.451927        6.444118        3.474662
 H         7.642879        7.481666       22.377216
 O         8.584437        7.535988       22.377216
 H         8.759512        6.609257       22.377216
 H         1.507018        2.338112       17.242853
 O         2.448576        2.392434       17.242853
 H         2.623651        1.465703       17.242853
 H        19.788511       12.457329        1.170164
 O        20.730070       12.511651        1.170164
 H        20.905144       11.584920        1.170164
 H        19.016493        5.211160       21.076050
 O        19.958052        5.265481       21.076050
 H        20.133125        4.338750       21.076050
 H        19.866865        4.610262        3.745422
 O        20.808424        4.664584        3.745422
 H        20.983498        3.737853        3.745422
 H        12.785833       20.552505        5.935756
 O        13.727391       20.606829        5.935756
 H        13.902467       19.680098        5.935756
 H        14.490383       20.580326       14.245094
 O        15.431941       20.634649       14.245094
 H        15.607017       19.707918       14.245094
 H         0.117433        0.277851       11.364945
 O         1.058991        0.332173       11.364945
 H         1.234066       -0.594558       11.364945
 H        10.264470       15.380693       19.086168
 O        11.206028       15.435016       19.086168
 H        11.381104       14.508285       19.086168
 H         5.582018        9.540236        7.217385
 O         6.523576        9.594558        7.217385
 H         6.698651        8.667827        7.217385
 H        20.083963       22.797026       18.320093
 O        21.025522       22.851349       18.320093
 H        21.200596       21.924618       18.320093
 H         7.319557       13.118576       11.660397
 O         8.261114       13.172898       11.660397
 H         8.436190       12.246167       11.660397
 H        20.604166        9.664430        7.389233
 O        21.545725        9.718752        7.389233
 H        21.720798        8.792021        7.389233
 H        13.489434        0.124584        7.954686
 O        14.430992        0.178906        7.954686
 H        14.606068       -0.747825        7.954686
 H         2.271938        3.574643       19.023697
 O         3.213495        3.628965       19.023697
 H         3.388570        2.702234       19.023697
 H         9.757827       15.137506       22.308144
 O        10.699385       15.191828       22.308144
 H        10.874460       14.265097       22.308144
 H         3.598483       14.443031       17.029627
 O         4.540041       14.497354       17.029627
 H         4.715116       13.570622       17.029627
 H         5.482896       11.067782        1.288698
 O         6.424453       11.122105        1.288698
 H         6.599529       10.195374        1.288698
 H        11.285375        9.208818        3.558456
 O        12.226933        9.263141        3.558456
 H        12.402008        8.336410        3.558456
 H         5.185752       15.047511       20.995445
 O         6.127310       15.101833       20.995445
 H         6.302385       14.175102       20.995445
 H         1.573139        2.965842        8.736479
 O         2.514696        3.020164        8.736479
 H         2.689772        2.093433        8.736479
 H         6.717357       15.124314        7.008277
 O         7.658915       15.178637        7.008277
 H         7.833990       14.251905        7.008277
 H        14.126632        9.990612        8.003875
 O        15.068190       10.044934        8.003875
 H        15.243265        9.118203        8.003875
 H        16.735424        3.032093        2.498057
 O        17.676983        3.086415        2.498057
 H        17.852057        2.159684        2.498057
 H        19.292439       11.527766       21.873419
 O        20.233997       11.582088       21.873419
 H        20.409071       10.655357       21.873419
 H        18.172611        0.592744       20.817822
 O        19.114170        0.647066       20.817822
 H        19.289244       -0.279665       20.817822
 H        14.586616        7.709140        1.976018
 O        15.528173        7.763462        1.976018
 H        15.703249        6.836730        1.976018
 H        15.810066        4.925340        5.799298
 O        16.751625        4.979662        5.799298
 H        16.926699        4.052931        5.799298
 H        17.792759        9.945329        9.631539
 O        18.734318        9.999651        9.631539
 H        18.909391        9.072920        9.631539
 H        17.106659       19.003502       11.285157
 O        18.048218       19.057825       11.285157
 H        18.223291       18.131094       11.285157
 H        15.288892       11.441632        2.243148
 O        16.230450       11.495955        2.243148
 H        16.405525       10.569223        2.243148
 H         4.493106        2.555647       13.941046
 O         5.434664        2.609969       13.941046
 H         5.609739        1.683238       13.941046
 H        20.138842        5.517685       13.393891
 O        21.080400        5.572007       13.393891
 H        21.255474        4.645276       13.393891
 H        14.736964        4.279056       13.631238
 O        15.678522        4.333378       13.631238
 H        15.853598        3.406647       13.631238
 H        10.861249       15.203985        8.929672
 O        11.802807       15.258307        8.929672
 H        11.977882       14.331576        8.929672
 H         0.509372        2.015637        3.236192
 O         1.450929        2.069959        3.236192
 H         1.626005        1.143229        3.236192
 H         3.872432       11.138255        4.954721
 O         4.813989       11.192577        4.954721
 H         4.989064       10.265846        4.954721
 H         4.664292       17.142672        1.097322
 O         5.605849       17.196995        1.097322
 H         5.780925       16.270264        1.097322
 H        16.748949       18.314047       19.353500
 O        17.690508       18.368370       19.353500
 H        17.865582       17.441639       19.353500
 H        21.514734       14.693995        4.696247
 O        22.456293       14.748317        4.696247
 H        22.631367       13.821586        4.696247
 H        10.744846        5.382413       21.976351
 O        11.686404        5.436735       21.976351
 H        11.861480        4.510004       21.976351
 H        16.802641        7.897874       14.569521
 O        17.744200        7.952196       14.569521
 H        17.919273        7.025465       14.569521
 H        22.437368       17.871918        0.868145
 O        23.378927       17.926241        0.868145
 H        23.554001       16.999510        0.868145
 H         4.067059       22.826389        2.454648
 O         5.008616       22.880713        2.454648
 H         5.183692       21.953981        2.454648
 H        19.798344       13.824175       18.358509
 O        20.739902       13.878497       18.358509
 H        20.914976       12.951766       18.358509
 H        15.854210       12.504814        7.344275
 O        16.795769       12.559136        7.344275
 H        16.970842       11.632405        7.344275
 H         3.761866       22.405714       10.602571
 O         4.703424       22.460037       10.602571
 H         4.878499       21.533306       10.602571
 H         2.920757       12.869455       14.077194
 O         3.862315       12.923778       14.077194
 H         4.037390       11.997046       14.077194
 H         1.951176       17.096981        6.197973
 O         2.892734       17.151304        6.197973
 H         3.067809       16.224573        6.197973
 H        16.671127       11.162068       17.757629
 O        17.612686       11.216391       17.757629
 H        17.787760       10.289660       17.757629
 H        10.794597        5.459442        1.107460
 O        11.736155        5.513763        1.107460
 H        11.911230        4.587032        1.107460
 H         1.634684       19.123707       13.667597
 O         2.576241       19.178030       13.667597
 H         2.751317       18.251299       13.667597
 H        18.421904       15.150090        3.538103
 O        19.363462       15.204412        3.538103
 H        19.538536       14.277681        3.538103
 H        13.447502       19.831005       12.179081
 O        14.389060       19.885328       12.179081
 H        14.564136       18.958597       12.179081
 H         3.538973       21.261168       20.228355
 O         4.480530       21.315491       20.228355
 H         4.655605       20.388760       20.228355
 H        10.565503        9.663558       14.285811
 O        11.507061        9.717880       14.285811
 H        11.682137        8.791149       14.285811
 H         6.014080        5.052651       22.321571
 O         6.955637        5.106973       22.321571
 H         7.130713        4.180242       22.321571
 H        13.678154       15.655967       19.413824
 O        14.619712       15.710289       19.413824
 H        14.794787       14.783558       19.413824
 H         2.110470       11.599893       17.169369
 O         3.052028       11.654215       17.169369
 H         3.227103       10.727484       17.169369
 H        14.143950       16.741421       12.628216
 O        15.085507       16.795744       12.628216
 H        15.260583       15.869012       12.628216
 H        21.356459        8.554422       18.043615
 O        22.298018        8.608745       18.043615
 H        22.473091        7.682014       18.043615
 H        15.269484        1.879887        4.456589
 O        16.211042        1.934209        4.456589
 H        16.386116        1.007478        4.456589
 H        13.700081       17.464426        6.033688
 O        14.641639       17.518749        6.033688
 H        14.816714       16.592018        6.033688
 H        17.628862        0.969655       15.762794
 O        18.570421        1.023977       15.762794
 H        18.745495        0.097246       15.762794
 H         6.291135        0.302298        8.858862
 O         7.232693        0.356620        8.858862
 H         7.407768       -0.570111        8.858862
 H         8.949729        4.001718       10.159617
 O         9.891287        4.056040       10.159617
 H        10.066362        3.129309       10.159617
 H        10.218330       15.464089        4.936337
 O        11.159888       15.518412        4.936337
 H        11.334964       14.591681        4.936337
 H        16.554045       11.002357        5.108464
 O        17.495604       11.056679        5.108464
 H        17.670677       10.129948        5.108464
 H        21.047350        9.635417        2.589824
 O        21.988909        9.689739        2.589824
 H        22.163982        8.763008        2.589824
 H        18.884092        2.291120       13.742284
 O        19.825651        2.345442       13.742284
 H        20.000725        1.418711       13.742284
 H         8.619070        7.740042        6.188473
 O         9.560628        7.794363        6.188473
 H         9.735703        6.867632        6.188473
 H        17.848217       18.644056        2.259166
 O        18.789776       18.698380        2.259166
 H        18.964849       17.771648        2.259166
 H        18.835405       11.262372       15.981616
 O        19.776964       11.316694       15.981616
 H        19.952038       10.389963       15.981616
 H         5.506287        4.814425       11.018537
 O         6.447845        4.868747       11.018537
 H         6.622920        3.942016       11.018537
 H         7.198553        1.860062       12.294016
 O         8.140111        1.914384       12.294016
 H         8.315186        0.987653       12.294016
 H         6.510453        7.630337        2.132819
 O         7.452011        7.684659        2.132819
 H         7.627086        6.757928        2.132819
 H        16.353016        8.186344       17.918118
 O        17.294575        8.240666       17.918118
 H        17.469648        7.313935       17.918118
 H        20.931360        3.987540        8.808016
 O        21.872919        4.041862        8.808016
 H        22.047993        3.115132        8.808016
 H         9.889456       21.825577        1.218675
 O        10.831014       21.879900        1.218675
 H        11.006089       20.953169        1.218675
 H         4.177116        5.974651       13.276826
 O         5.118673        6.028973       13.276826
 H         5.293749        5.102242       13.276826
 H         1.531803        0.748150       15.417809
 O         2.473360        0.802472       15.417809
 H         2.648436       -0.124259       15.417809
 H        22.532379        2.780548       22.751520
 O        23.473938        2.834870       22.751520
 H        23.649012        1.908139       22.751520
 H        15.264102        2.430154       11.026047
 O        16.205660        2.484476       11.026047
 H        16.380735        1.557745       11.026047
 H         5.981872        6.859617        9.625071
 O         6.923429        6.913939        9.625071
 H         7.098505        5.987208        9.625071
 H        12.206535       19.487976       17.877266
 O        13.148093       19.542299       17.877266
 H        13.323169       18.615568       17.877266
 H         6.143112        3.601403       18.253849
 O         7.084669        3.655725       18.253849
 H         7.259745        2.728994       18.253849
 H        21.995506        9.859037       11.399064
 O        22.937065        9.913360       11.399064
 H        23.112139        8.986629       11.399064
 H        16.811663       20.989571       17.184381
 O        17.753222       21.043894       17.184381
 H        17.928295       20.117163       17.184381
 H         1.852282       20.504976        6.104249
 O         2.793840       20.559299        6.104249
 H         2.968915       19.632568        6.104249
 H        22.112934       19.312136       15.856655
 O        23.054493       19.366459       15.856655
 H        23.229567       18.439728       15.856655
 H        19.546570       22.080330       12.318930
 O        20.488129       22.134653       12.318930
 H        20.663202       21.207922       12.318930
 H        22.394175        9.407268       20.832006
 O        23.335733        9.461590       20.832006
 H        23.510807        8.534859       20.832006
 H         0.764484        6.204088       21.593159
 O         1.706041        6.258410       21.593159
 H         1.881117        5.331679       21.593159
 H         5.946218       13.787903        0.406398
 O         6.887775       13.842225        0.406398
 H         7.062851       12.915494        0.406398
 H        11.366304       22.675741       14.726917
 O        12.307862       22.730064       14.726917
 H        12.482938       21.803333       14.726917
 H        13.690458       15.098751        1.473978
 O        14.632016       15.153073        1.473978
 H        14.807092       14.226342        1.473978
 H        14.123674       17.790989       14.797697
 O        15.065232       17.845312       14.797697
 H        15.240308       16.918581       14.797697
 H         3.220268       19.912268        4.091253
 O         4.161825       19.966591        4.091253
 H         4.336900       19.039860        4.091253
 H        12.237832        5.530666        6.028704
 O        13.179390        5.584988        6.028704
 H        13.354465        4.658257        6.028704
 H         1.385076       11.857249       12.113896
 O         2.326634       11.911572       12.113896
 H         2.501709       10.984840       12.113896
 H         8.353135        6.763841       16.156300
 O         9.294693        6.818162       16.156300
 H         9.469769        5.891431       16.156300
 H        14.929022        4.024126       21.281143
 O        15.870580        4.078447       21.281143
 H        16.045654        3.151716       21.281143
 H        10.591307        9.341194       16.266342
 O        11.532865        9.395516       16.266342
 H        11.707940        8.468785       16.266342
 H         8.899136       11.518885        8.678466
 O         9.840693       11.573207        8.678466
 H        10.015769       10.646476        8.678466
 H        11.658941       18.566984        8.388721
 O        12.600499       18.621307        8.388721
 H        12.775575       17.694576        8.388721
 H         9.204567       19.874220       20.510321
 O        10.146125       19.928543       20.510321
 H        10.321200       19.001812       20.510321
 H        16.422829        1.232508       18.874489
 O        17.364388        1.286830       18.874489
 H        17.539461        0.360099       18.874489
 H        16.655466        5.524232        0.821561
 O        17.597025        5.578554        0.821561
 H        17.772099        4.651823        0.821561
 H        18.358139        2.920619       17.760735
 O        19.299698        2.974941       17.760735
 H        19.474771        2.048210       17.760735
 H        22.669489        6.138815       14.613868
 O        23.611048        6.193137       14.613868
 H        23.786121        5.266406       14.613868
 H         0.776465       10.604522        9.473214
 O         1.718022       10.658844        9.473214
 H         1.893098        9.732113        9.473214
 H        11.930037        5.446944       19.527773
 O        12.871595        5.501266       19.527773
 H        13.046671        4.574534       19.527773
 H         5.245020       17.938534        7.374226
 O         6.186578       17.992857        7.374226
 H         6.361653       17.066126        7.374226
 H         1.304163       21.953529        9.189279
 O         2.245720       22.007853        9.189279
 H         2.420795       21.081121        9.189279
 H         2.219085       14.439207        4.176468
 O         3.160643       14.493529        4.176468
 H         3.335718       13.566798        4.176468
 H        19.979158        0.803482        4.005386
 O        20.920717        0.857804        4.005386
 H        21.095791       -0.068927        4.005386
 H        21.471598       21.441027        5.525779
 O        22.413157       21.495350        5.525779
 H        22.588230       20.568619        5.525779
 H        15.284239        8.971379       22.728003
 O        16.225798        9.025702       22.728003
 H        16.400871        8.098970       22.728003
 H        18.213558        8.656175       20.568804
 O        19.155117        8.710497       20.568804
 H        19.330191        7.783766       20.568804
 H         4.900203        0.486365       16.771206
 O         5.841761        0.540687       16.771206
 H         6.016836       -0.386044       16.771206
 H         7.324018        3.193825       20.136684
 O         8.265575        3.248147       20.136684
 H         8.440650        2.321416       20.136684
 H        17.967325       14.691493       10.140397
 O        18.908884       14.745815       10.140397
 H        19.083958       13.819084       10.140397
 H         2.091790        7.137380        7.850743
 O         3.033347        7.191702        7.850743
 H         3.208423        6.264971        7.850743
 H        11.095276       22.783543       11.594786
 O        12.036834       22.837866       11.594786
 H        12.211909       21.911135       11.594786
 H         0.962645       12.847615        6.148652
 O         1.904202       12.901937        6.148652
 H         2.079278       11.975206        6.148652
 H        14.701850       21.700619       21.610060
 O        15.643408       21.754942       21.610060
 H        15.818483       20.828211       21.610060
 H        13.119184        1.031288       16.055178
 O        14.060742        1.085610       16.055178
 H        14.235818        0.158879       16.055178
 H         4.118532        3.369403        4.658274
 O         5.060090        3.423725        4.658274
 H         5.235165        2.496994        4.658274
 H         9.424527        3.483508        4.404948
 O        10.366085        3.537830        4.404948
 H        10.541161        2.611099        4.404948
 H         7.836884       18.381557       14.229907
 O         8.778441       18.435881       14.229907
 H         8.953517       17.509150       14.229907
 H         1.831104        5.706963       16.443691
 O         2.772662        5.761285       16.443691
 H         2.947737        4.834554       16.443691
 H        18.845440       12.433867        4.778626
 O        19.786999       12.488190        4.778626
 H        19.962072       11.561459        4.778626
 H         8.505322       12.468006       20.628788
 O         9.446880       12.522328       20.628788
 H         9.621956       11.595597       20.628788
 H        18.233837       21.187752        9.755224
 O        19.175396       21.242075        9.755224
 H        19.350470       20.315344        9.755224
 H        10.096625        3.050073        7.081975
 O        11.038183        3.104395        7.081975
 H        11.213259        2.177664        7.081975
 H        16.040031        5.320076        9.614980
 O        16.981590        5.374398        9.614980
 H        17.156664        4.447667        9.614980
 H        17.881090        7.343009        2.764713
 O        18.822649        7.397331        2.764713
 H        18.997723        6.470600        2.764713
 H        10.196996       11.352063        5.063766
 O        11.138554       11.406385        5.063766
 H        11.313629       10.479654        5.063766
 H        10.486090        9.812124        0.966536
 O        11.427648        9.866446        0.966536
 H        11.602723        8.939715        0.966536
 H         6.363021       12.067569        3.612171
 O         7.304578       12.121891        3.612171
 H         7.479654       11.195160        3.612171
 H        15.225207       10.546951       13.760090
 O        16.166765       10.601274       13.760090
 H        16.341841        9.674542       13.760090
 H         1.076813        5.209010       10.192348
 O         2.018370        5.263332       10.192348
 H         2.193446        4.336601       10.192348
 H        16.654079       15.221549        5.555108
 O        17.595638       15.275871        5.555108
 H        17.770712       14.349140        5.555108
 H         4.515933        9.132713       18.706627
 O         5.457490        9.187036       18.706627
 H         5.632565        8.260304       18.706627
 H        14.434731        5.998216       17.867001
 O        15.376289        6.052538       17.867001
 H        15.551365        5.125807       17.867001
 H         1.585947       17.789492        8.462023
 O         2.527505       17.843815        8.462023
 H         2.702580       16.917084        8.462023
 H        22.721434       12.518552       14.725800
 O        23.662992       12.572874       14.725800
 H        23.838066       11.646143       14.725800
 H        16.291138       18.898151        8.379387
 O        17.232697       18.952475        8.379387
 H        17.407770       18.025743        8.379387
 H         1.492576       12.037593        2.184366
 O         2.434134       12.091915        2.184366
 H         2.609209       11.165184        2.184366
 H         3.949737       22.504797        6.461175
 O         4.891294       22.559120        6.461175
 H         5.066370       21.632389        6.461175
 H         7.022697       22.070974        3.315552
 O         7.964255       22.125298        3.315552
 H         8.139330       21.198566        3.315552
 H         9.738213       20.157993        6.701162
 O        10.679770       20.212317        6.701162
 H        10.854846       19.285585        6.701162
 H         8.213791        2.441880       16.331980
 O         9.155349        2.496202       16.331980
 H         9.330424        1.569472       16.331980
 H        21.252060       17.486162       17.904247
 O        22.193619       17.540485       17.904247
 H        22.368692       16.613754       17.904247
 H         8.995740        6.564678        8.695296
 O         9.937298        6.619000        8.695296
 H        10.112373        5.692269        8.695296
 H        17.977278       17.375462       22.528538
 O        18.918837       17.429785       22.528538
 H        19.093910       16.503054       22.528538
 H        21.499861       18.325302        3.277119
 O        22.441420       18.379625        3.277119
 H        22.616493       17.452894        3.277119
 H        19.910351       15.959759       19.837971
 O        20.851910       16.014082       19.837971
 H        21.026983       15.087350       19.837971
 H        13.038278       21.146801       19.689283
 O        13.979836       21.201124       19.689283
 H        14.154911       20.274393       19.689283
 H         1.035937       14.491032       15.788681
 O         1.977495       14.545354       15.788681
 H         2.152570       13.618623       15.788681
 H         8.389271       21.351725       12.511748
 O         9.330829       21.406048       12.511748
 H         9.505904       20.479317       12.511748
 H        12.089221       16.316664       16.031822
 O        13.030779       16.370987       16.031822
 H        13.205854       15.444255       16.031822
 H         5.157161       20.264791       15.356165
 O         6.098718       20.319115       15.356165
 H         6.273794       19.392384       15.356165
 H        16.166494       13.876385       13.761723
 O        17.108053       13.930707       13.761723
 H        17.283127       13.003976       13.761723
 H         7.697657       19.836201       17.109205
 O         8.639215       19.890524       17.109205
 H         8.814289       18.963793       17.109205
 H        14.976652       11.314704       19.657272
 O        15.918210       11.369026       19.657272
 H        16.093285       10.442295       19.657272
 H         7.414927        3.968570        2.377804
 O         8.356484        4.022892        2.377804
 H         8.531560        3.096161        2.377804
 H        15.376282       22.000511        1.426361
 O        16.317841       22.054834        1.426361
 H        16.492914       21.128103        1.426361
 H        12.707692        8.758557       18.967588
 O        13.649250        8.812880       18.967588
 H        13.824326        7.886148       18.967588
 H        20.004641        8.334249       22.518812
 O        20.946199        8.388572       22.518812
 H        21.121273        7.461841       22.518812
 H        13.296296        7.203958       21.300320
 O        14.237854        7.258280       21.300320
 H        14.412930        6.331549       21.300320
 H         3.770060       16.367054        3.793550
 O         4.711617       16.421377        3.793550
 H         4.886693       15.494645        3.793550
 H        20.806795        0.046834       16.428856
 O        21.748354        0.101156       16.428856
 H        21.923428       -0.825575       16.428856
 H        22.888302        5.500386        7.047026
 O        23.829861        5.554708        7.047026
 H        24.004934        4.627976        7.047026
 H         7.593686        1.526557        6.094495
 O         8.535244        1.580879        6.094495
 H         8.710319        0.654148        6.094495
 H        15.147585       14.179323       10.857716
 O        16.089144       14.233645       10.857716
 H        16.264217       13.306914       10.857716
 H        19.772715       17.870176        8.704438
 O        20.714273       17.924500        8.704438
 H        20.889347       16.997768        8.704438
 H        15.950445       14.294429       15.892728
 O        16.892004       14.348751       15.892728
 H        17.067078       13.422020       15.892728
 H         3.220170        8.131151       11.316369
 O         4.161727        8.185473       11.316369
 H         4.336803        7.258742       11.316369
 H        20.992170       18.378063       13.705435
 O        21.933729       18.432386       13.705435
 H        22.108803       17.505655       13.705435
 H        13.524049       20.367596        3.129555
 O        14.465607       20.421919        3.129555
 H        14.640682       19.495188        3.129555
 H         3.458848        2.587790       22.012951
 O         4.400405        2.642112       22.012951
 H         4.575480        1.715381       22.012951
 H        12.508152        8.935102       12.258020
 O        13.449710        8.989424       12.258020
 H        13.624785        8.062693       12.258020
 H        19.414886        3.488357        0.295489
 O        20.356445        3.542679        0.295489
 H        20.531519        2.615948        0.295489
 H        18.156290        2.826595        8.486427
 O        19.097849        2.880917        8.486427
 H        19.272923        1.954186        8.486427
 H        21.968519        1.998872       18.899920
 O        22.910078        2.053194       18.899920
 H        23.085152        1.126463       18.899920
 H        16.772552       13.336456       19.404284
 O        17.714111       13.390779       19.404284
 H        17.889185       12.464047       19.404284
 H         6.622723        6.196932       20.030630
 O         7.564280        6.251254       20.030630
 H         7.739356        5.324523       20.030630
 H        17.700542       21.588623        2.840003
 O        18.642101       21.642946        2.840003
 H        18.817175       20.716215        2.840003
 H        16.688980        0.040036        6.987720
 O        17.630539        0.094358        6.987720
 H        17.805613       -0.832373        6.987720
 H         6.872091        0.283622       18.975651
 O         7.813649        0.337944       18.975651
 H         7.988724       -0.588787       18.975651
 H        16.395941        6.058471       12.144094
 O        17.337500        6.112793       12.144094
 H        17.512573        5.186062       12.144094
 H         9.354817        7.102945       11.225617
 O        10.296375        7.157267       11.225617
 H        10.471451        6.230536       11.225617
 H        19.434923        0.359429       22.759048
 O        20.376482        0.413751       22.759048
 H        20.551556       -0.512980       22.759048
 H         8.898256       12.642715       13.524830
 O         9.839814       12.697038       13.524830
 H        10.014890       11.770307       13.524830
 H         4.878354        5.385983       15.484998
 O         5.819911        5.440305       15.484998
 H         5.994987        4.513574       15.484998
 H        11.448152       12.321218       16.169569
 O        12.389709       12.375540       16.169569
 H        12.564785       11.448809       16.169569
 H        12.372255       15.450036       21.350262
 O        13.313813       15.504358       21.350262
 H        13.488889       14.577627       21.350262
 H         1.836168       11.771958       22.631191
 O         2.777726       11.826281       22.631191
 H         2.952801       10.899549       22.631191
 H         4.858057       19.083525       18.230902
 O         5.799614       19.137848       18.230902
 H         5.974689       18.211117       18.230902
 H         3.859376       18.069054       11.579436
 O         4.800934       18.123377       11.579436
 H         4.976009       17.196646       11.579436
 H         6.893926       18.069046        4.712364
 O         7.835483       18.123369        4.712364
 H         8.010558       17.196638        4.712364
 H         4.258685        7.898136        5.533808
 O         5.200242        7.952458        5.533808
 H         5.375318        7.025727        5.533808
 H         9.521481       18.006735       11.987448
 O        10.463038       18.061058       11.987448
 H        10.638114       17.134327       11.987448
 H         2.453451       15.921200       22.673693
 O         3.395009       15.975522       22.673693
 H         3.570084       15.048791       22.673693
 H         1.358930        1.368940        5.599689
 O         2.300487        1.423262        5.599689
 H         2.475563        0.496531        5.599689
 H        20.521820       21.156338        8.258418
 O        21.463379       21.210661        8.258418
 H        21.638453       20.283930        8.258418
 H        17.320925       17.075766       15.048170
 O        18.262484       17.130089       15.048170
 H        18.437557       16.203358       15.048170
 H        19.976177       16.244032       11.907832
 O        20.917736       16.298355       11.907832
 H        21.092810       15.371623       11.907832
 H         7.486067       15.732663       16.546076
 O         8.427625       15.786985       16.546076
 H         8.602699       14.860254       16.546076
 H        11.483495        3.645277       15.276269
 O        12.425053        3.699599       15.276269
 H        12.600128        2.772868       15.276269
 H         3.319782        7.457791        0.055659
 O         4.261340        7.512113        0.055659
 H         4.436415        6.585382        0.055659
 H         4.923742       14.531340        8.696217
 O         5.865300       14.585662        8.696217
 H         6.040375       13.658931        8.696217
 H        13.695965       20.654768        9.488653
 O        14.637523       20.709091        9.488653
 H        14.812598       19.782360        9.488653
 H        22.077217       13.108877       20.721132
 O        23.018776       13.163199       20.721132
 H        23.193850       12.236468       20.721132
 H        21.566732       15.748362       22.021235
 O        22.508291       15.802684       22.021235
 H        22.683365       14.875953       22.021235
 H        11.620242       12.131484        1.295001
 O        12.561800       12.185806        1.295001
 H        12.736876       11.259075        1.295001
 H         8.854055       20.922264       14.974016
 O         9.795613       20.976587       14.974016
 H         9.970689       20.049856       14.974016
 H        11.265586       18.333868        3.602294
 O        12.207144       18.388191        3.602294
 H        12.382219       17.461460        3.602294
 H         7.051774       12.834073       18.136724
 O         7.993331       12.888395       18.136724
 H         8.168406       11.961664       18.136724
 H        20.597425       12.982660        7.995205
 O        21.538984       13.036983        7.995205
 H        21.714058       12.110251        7.995205
 H         4.471902       11.343203        9.836472
 O         5.413459       11.397525        9.836472
 H         5.588535       10.470794        9.836472
 H        11.503909        1.838569       20.642912
 O        12.445467        1.892891       20.642912
 H        12.620543        0.966160       20.642912
 H         7.473941       17.809826        9.409021
 O         8.415499       17.864149        9.409021
 H         8.590573       16.937418        9.409021
 H        11.808690        7.976217        7.793117
 O        12.750248        8.030539        7.793117
 H        12.925323        7.103807        7.793117
 H        14.676067       17.727352       10.719104
 O        15.617625       17.781675       10.719104
 H        15.792701       16.854944       10.719104
 H         7.511452       14.447754        2.498676
 O         8.453010       14.502076        2.498676
 H         8.628085       13.575345        2.498676
 H         3.443514        4.416085        1.424191
 O         4.385071        4.470407        1.424191
 H         4.560147        3.543676        1.424191
 H         9.831823       20.971188       10.008970
 O        10.773381       21.025511       10.008970
 H        10.948457       20.098780       10.008970
 H        10.539667        0.342275       17.480337
 O        11.481225        0.396597       17.480337
 H        11.656301       -0.530134       17.480337
 H        20.012415       21.331570       14.606400
 O        20.953974       21.385893       14.606400
 H        21.129047       20.459162       14.606400
 H        19.200182        5.923843       18.387230
 O        20.141741        5.978165       18.387230
 H        20.316814        5.051434       18.387230
 H         1.478888        6.580966       18.807016
 O         2.420446        6.635288       18.807016
 H         2.595521        5.708557       18.807016
 H        12.694328        1.502504        0.228144
 O        13.635886        1.556825        0.228144
 H        13.810962        0.630094        0.228144
 H        12.695207        1.090598        5.585884
 O        13.636765        1.144920        5.585884
 H        13.811840        0.218189        5.585884
 H        10.522886       14.305685       14.421504
 O        11.464444       14.360007       14.421504
 H        11.639520       13.433276       14.421504
 H         9.786517        1.140158       22.288649
 O        10.728075        1.194480       22.288649
 H        10.903151        0.267749       22.288649
 H        13.529579        6.044894        3.478585
 O        14.471137        6.099216        3.478585
 H        14.646213        5.172485        3.478585
 H        10.877429       13.688629       12.185486
 O        11.818987       13.742951       12.185486
 H        11.994062       12.816220       12.185486
 H        13.804555       15.585614        4.096888
 O        14.746113       15.639936        4.096888
 H        14.921188       14.713205        4.096888
 H         4.326758       19.917728       22.621424
 O         5.268316       19.972052       22.621424
 H         5.443391       19.045321       22.621424
 H         6.440138       19.181362        2.668108
 O         7.381696       19.235685        2.668108
 H         7.556771       18.308954        2.668108
 H        19.677286       19.542980       21.633711
 O        20.618845       19.597303       21.633711
 H        20.793919       18.670572       21.633711
 H        18.612312       12.057726       12.321993
 O        19.553871       12.112048       12.321993
 H        19.728945       11.185317       12.321993
 H        19.536158        4.400057       11.642264
 O        20.477716        4.454379       11.642264
 H        20.652790        3.527648       11.642264
 H         3.046810       21.322535       13.492311
 O         3.988368       21.376858       13.492311
 H         4.163443       20.450127       13.492311
 H        11.303771       18.588697       22.414139
 O        12.245329       18.643021       22.414139
 H        12.420404       17.716290       22.414139
 H        19.805613       12.949179       14.193491
 O        20.747171       13.003501       14.193491
 H        20.922245       12.076770       14.193491
 H        12.580919        7.084704       13.990050
 O        13.522477        7.139026       13.990050
 H        13.697553        6.212295       13.990050
 H        17.347731        7.256516        5.500824
 O        18.289289        7.310838        5.500824
 H        18.464363        6.384107        5.500824
 H         9.202066        8.051530       20.148001
 O        10.143624        8.105852       20.148001
 H        10.318700        7.179121       20.148001
 H         4.380563        3.646700        6.959363
 O         5.322120        3.701022        6.959363
 H         5.497196        2.774291        6.959363
 H         6.573674       21.357044        0.895490
 O         7.515232       21.411367        0.895490
 H         7.690307       20.484636        0.895490
 H        19.529545        9.095974        4.771458
 O        20.471104        9.150296        4.771458
 H        20.646177        8.223565        4.771458
 H        15.937757       19.613770        5.625262
 O        16.879314       19.668093        5.625262
 H        17.054390       18.741362        5.625262
 H         1.382429        2.389084       11.858500
 O         2.323986        2.443406       11.858500
 H         2.499062        1.516675       11.858500
 H        11.184470       17.532646       10.191588
 O        12.126028       17.586969       10.191588
 H        12.301104       16.660238       10.191588
 H         6.043452        8.752899       12.853116
 O         6.985009        8.807221       12.853116
 H         7.160085        7.880490       12.853116
 H        18.394144        8.862061       13.030124
 O        19.335703        8.916383       13.030124
 H        19.510777        7.989652       13.030124
 H        12.160404        1.302019        3.278914
 O        13.101962        1.356341        3.278914
 H        13.277038        0.429610        3.278914
 H         6.288788       10.423612       22.181610
 O         7.230346       10.477934       22.181610
 H         7.405421        9.551203       22.181610
 H        18.347374       21.055765       19.106520
 O        19.288933       21.110088       19.106520
 H        19.464006       20.183357       19.106520
 H         7.016829       13.437191       15.285067
 O         7.958387       13.491513       15.285067
 H         8.133462       12.564782       15.285067
 H        18.161459       21.430473        5.143269
 O        19.103018       21.484797        5.143269
 H        19.278091       20.558065        5.143269
 H        22.733110        4.652331        5.123246
 O        23.674669        4.706653        5.123246
 H        23.849743        3.779922        5.123246
 H        13.128141        4.903355       10.702566
 O        14.069699        4.957677       10.702566
 H        14.244775        4.030946       10.702566
 H        20.938595        5.794494        1.392634
 O        21.880154        5.848816        1.392634
 H        22.055227        4.922085        1.392634
 H        10.579312       18.448904        1.704802
 O        11.520870       18.503227        1.704802
 H        11.695946       17.576496        1.704802
 H         1.295796       10.524148       19.437605
 O         2.237354       10.578470       19.437605
 H         2.412429        9.651739       19.437605
 H        21.112265        7.171425       19.888037
 O        22.053823        7.225747       19.888037
 H        22.228897        6.299016       19.888037
 H        17.040918       16.836487       17.310806
 O        17.982477       16.890810       17.310806
 H        18.157551       15.964078       17.310806
 H        11.664214       13.949807        6.748660
 O        12.605772       14.004129        6.748660
 H        12.780848       13.077398        6.748660
 H        22.015617        2.732177       14.381888
 O        22.957176        2.786499       14.381888
 H        23.132250        1.859768       14.381888
 H         9.944969       22.182983        4.275512
 O        10.886527       22.237307        4.275512
 H        11.061603       21.310575        4.275512
 H        13.522631        4.379552        8.079659
 O        14.464189        4.433874        8.079659
 H        14.639264        3.507143        8.079659
 H         2.427601       19.425772       16.550468
 O         3.369159       19.480095       16.550468
 H         3.544234       18.553364       16.550468
 H        15.624726       11.164293       11.229471
 O        16.566284       11.218616       11.229471
 H        16.741360       10.291884       11.229471
 H        14.113251       15.597583        8.862295
 O        15.054809       15.651905        8.862295
 H        15.229884       14.725174        8.862295
 H        20.767984       15.573833       14.475059
 O        21.709543       15.628155       14.475059
 H        21.884617       14.701424       14.475059
 H         9.851884        0.181946        7.937745
 O        10.793442        0.236268        7.937745
 H        10.968517       -0.690463        7.937745
 H        14.681342        8.432269        4.108929
 O        15.622900        8.486591        4.108929
 H        15.797976        7.559860        4.108929
 H         8.438871        8.494600        4.159129
 O         9.380429        8.548923        4.159129
 H         9.555505        7.622191        4.159129
 H         4.616793       17.790701        9.629545
 O         5.558350       17.845024        9.629545
 H         5.733426       16.918293        9.629545
 H        15.271183       16.991774        0.454297
 O        16.212742       17.046097        0.454297
 H        16.387815       16.119366        0.454297
 H        12.009290       10.049277       21.126451
 O        12.950848       10.103600       21.126451
 H        13.125923        9.176868       21.126451
 H         7.713875        1.980435       14.454087
 O         8.655433        2.034757       14.454087
 H         8.830508        1.108026       14.454087
 H         6.901175       12.473780        5.812082
 O         7.842732       12.528102        5.812082
 H         8.017808       11.601371        5.812082
 H        22.360783       10.191698        0.360129
 O        23.302341       10.246020        0.360129
 H        23.477415        9.319289        0.360129
 H        19.536671        3.355534       15.742323
 O        20.478230        3.409856       15.742323
 H        20.653303        2.483125       15.742323
 H        20.508993        0.105199       10.143314
 O        21.450552        0.159521       10.143314
 H        21.625626       -0.767210       10.143314
 H        20.415724       15.445072        6.691246
 O        21.357283       15.499394        6.691246
 H        21.532356       14.572663        6.691246
 H        14.463293       13.259425       22.512884
 O        15.404851       13.313747       22.512884
 H        15.579926       12.387016       22.512884
 H         6.218289        9.160544       14.722372
 O         7.159847        9.214867       14.722372
 H         7.334922        8.288136       14.722372
 H         6.274757        1.906036        0.740265
 O         7.216314        1.960358        0.740265
 H         7.391390        1.033627        0.740265
 H        21.578699       13.222568       10.350999
 O        22.520258       13.276890       10.350999
 H        22.695332       12.350159       10.350999
 H        11.612939       13.789330        3.166646
 O        12.554497       13.843653        3.166646
 H        12.729572       12.916922        3.166646
 H         1.089648       15.480048        1.959633
 O         2.031206       15.534370        1.959633
 H         2.206281       14.607639        1.959633
 H         1.841357       18.486326        2.547711
 O         2.782915       18.540649        2.547711
 H         2.957990       17.613918        2.547711
 H        13.550039        7.691352        9.676344
 O        14.491597        7.745674        9.676344
 H        14.666673        6.818943        9.676344
 H         0.803217       18.988419       22.063040
 O         1.744775       19.042742       22.063040
 H         1.919850       18.116011       22.063040
 H         3.526371        8.284603       20.440401
 O         4.467928        8.338925       20.440401
 H         4.643003        7.412194       20.440401
 H        15.446671        0.751822       13.646271
 O        16.388229        0.806144       13.646271
 H        16.563305       -0.120587       13.646271
 H        16.644562       15.669515       21.440992
 O        17.586121       15.723837       21.440992
 H        17.761194       14.797106       21.440992
 H         4.619138       11.109787       20.271437
 O         5.560695       11.164109       20.271437
 H         5.735771       10.237378       20.271437
 H         8.099052       18.086533       22.369183
 O         9.040610       18.140856       22.369183
 H         9.215686       17.214125       22.369183
 H        13.763805        5.601200       15.893397
 O        14.705363        5.655522       15.893397
 H        14.880439        4.728791       15.893397
 H        12.387286       11.661935       18.281342
 O        13.328844       11.716257       18.281342
 H        13.503920       10.789526       18.281342
 H         6.288487       16.258821       13.678827
 O         7.230044       16.313145       13.678827
 H         7.405120       15.386413       13.678827
 H        19.130579        4.774433        6.312984
 O        20.072138        4.828754        6.312984
 H        20.247211        3.902024        6.312984
 H        16.205967        1.575004        0.076454
 O        17.147526        1.629326        0.076454
 H        17.322599        0.702595        0.076454
 H        22.585398        3.807622       20.429783
 O        23.526957        3.861944       20.429783
 H        23.702030        2.935213       20.429783
 H        20.827345        9.725143       14.207551
 O        21.768904        9.779466       14.207551
 H        21.943977        8.852735       14.207551
 H        21.618990       18.584337        7.167308
 O        22.560549       18.638660        7.167308
 H        22.735622       17.711929        7.167308
 H        20.392670        7.955344       10.669575
 O        21.334229        8.009665       10.669575
 H        21.509302        7.082934       10.669575
 H        20.544497       10.999383       19.231966
 O        21.486055       11.053705       19.231966
 H        21.661129       10.126974       19.231966
 H         0.082340       21.827606       19.578138
 O         1.023898       21.881929       19.578138
 H         1.198973       20.955198       19.578138
 H         6.111633       11.592902       13.082266
 O         7.053190       11.647224       13.082266
 H         7.228266       10.720493       13.082266
 H         7.885950       14.544033        9.476541
 O         8.827507       14.598355        9.476541
 H         9.002583       13.671624        9.476541
 H        19.238098        7.854671       15.747448
 O        20.179657        7.908992       15.747448
 H        20.354731        6.982261       15.747448
 H         7.738518        0.203572       21.014088
 O         8.680076        0.257894       21.014088
 H         8.855150       -0.668837       21.014088
 H         2.471844        8.863172       15.397347
 O         3.413402        8.917494       15.397347
 H         3.588477        7.990763       15.397347
 H         7.316613        9.118394        9.857131
 O         8.258170        9.172716        9.857131
 H         8.433246        8.245985        9.857131
 H        21.508278       19.460270       10.876113
 O        22.449837       19.514593       10.876113
 H        22.624910       18.587862       10.876113
 H         6.208759        3.742155        8.667942
 O         7.150316        3.796477        8.667942
 H         7.325392        2.869746        8.667942
 H         0.926407       15.425062       18.494493
 O         1.867964       15.479384       18.494493
 H         2.043039       14.552653       18.494493
 H         0.181460       10.593729        4.811806
 O         1.123017       10.648051        4.811806
 H         1.298093        9.721320        4.811806
 H         0.316629       21.470436        3.754905
 O         1.258187       21.524759        3.754905
 H         1.433262       20.598028        3.754905
 H        22.451466        7.870221        5.656758
 O        23.393024        7.924542        5.656758
 H        23.568098        6.997811        5.656758
 H         2.566571        9.413155       13.513906
 O         3.508128        9.467477       13.513906
 H         3.683203        8.540746       13.513906
 H        20.087360       18.560848        5.286891
 O        21.028919       18.615171        5.286891
 H        21.203993       17.688440        5.286891
 H         5.556922       17.848783       20.706215
 O         6.498480       17.903107       20.706215
 H         6.673555       16.976376       20.706215
 H         3.542251       14.129988        6.257940
 O         4.483809       14.184310        6.257940
 H         4.658884       13.257579        6.257940
 H        15.969694        5.745843       19.752735
 O        16.911253        5.800165       19.752735
 H        17.086327        4.873434       19.752735
 H        13.956723        3.280455        1.465340
 O        14.898281        3.334777        1.465340
 H        15.073357        2.408046        1.465340
 H        12.433924        2.340134       12.606785
 O        13.375482        2.394456       12.606785
 H        13.550557        1.467725       12.606785
 H        20.224886       21.150854        1.525398
 O        21.166445       21.205177        1.525398
 H        21.341518       20.278446        1.525398
 H         7.994503       15.837430       11.423032
 O         8.936061       15.891752       11.423032
 H         9.111136       14.965021       11.423032
 H        12.964136       11.291938        4.259118
 O        13.905694       11.346260        4.259118
 H        14.080770       10.419529        4.259118
 H        21.101330       15.727173        1.475514
 O        22.042889       15.781495        1.475514
 H        22.217962       14.854764        1.475514
 H         3.493415        0.384430        0.605205
 O         4.434972        0.438752        0.605205
 H         4.610047       -0.487979        0.605205
 H         6.186620        6.720035        7.362891
 O         7.128178        6.774356        7.362891
 H         7.303253        5.847625        7.362891
 H        17.642311       20.514469       13.376787
 O        18.583870       20.568792       13.376787
 H        18.758944       19.642061       13.376787
 H         9.512030        3.423011       18.040119
 O        10.453588        3.477333       18.040119
 H        10.628663        2.550602       18.040119
 H        10.801676       12.277840       10.317368
 O        11.743234       12.332162       10.317368
 H        11.918309       11.405431       10.317368
 H         9.689732       18.246019       18.705065
 O        10.631289       18.300343       18.705065
 H        10.806365       17.373611       18.705065
 H        11.104563       18.484823       13.769739
 O        12.046121       18.539146       13.769739
 H        12.221196       17.612415       13.769739
 H        15.723501        6.834363        7.499557
 O        16.665060        6.888685        7.499557
 H        16.840134        5.961954        7.499557
 H        13.068020        3.772840       17.509569
 O        14.009578        3.827162       17.509569
 H        14.184653        2.900431       17.509569
 H         4.398780       16.876097       15.430913
 O         5.340337       16.930420       15.430913
 H         5.515413       16.003689       15.430913
 H         1.855284       15.016923        9.366320
 O         2.796841       15.071245        9.366320
 H         2.971917       14.144514        9.366320
 H        17.079708       14.402260        1.614216
 O        18.021267       14.456582        1.614216
 H        18.196341       13.529851        1.614216
 H        14.110180        8.305362       16.393919
 O        15.051738        8.359684       16.393919
 H        15.226813        7.432953       16.393919
 H         0.965316        0.880837        7.448365
 O         1.906873        0.935159        7.448365
 H         2.081949        0.008428        7.448365
 H        14.565867       11.906413       15.805366
 O        15.507425       11.960735       15.805366
 H        15.682501       11.034004       15.805366
 H         0.212007        6.510427       12.191216
 O         1.153565        6.564749       12.191216
 H         1.328640        5.638018       12.191216
 H        13.744707       21.257347       16.831665
 O        14.686265       21.311670       16.831665
 H        14.861341       20.384939       16.831665
 H         6.605785       20.154497       10.786106
 O         7.547343       20.208820       10.786106
 H         7.722418       19.282089       10.786106
 H         9.622257       16.685667        6.820408
 O        10.563815       16.739990        6.820408
 H        10.738891       15.813258        6.820408
 H        16.581505       17.991144       13.095206
 O        17.523064       18.045467       13.095206
 H        17.698137       17.118736       13.095206
 H        17.157133        9.159506        7.622474
 O        18.098692        9.213828        7.622474
 H        18.273766        8.287097        7.622474
 H         7.291138        6.254938       18.007710
 O         8.232696        6.309259       18.007710
 H         8.407770        5.382528       18.007710
 H        20.383947        2.516870        2.231562
 O        21.325506        2.571193        2.231562
 H        21.500580        1.644462        2.231562
 H        22.515234       17.431431       20.296297
 O        23.456793       17.485754       20.296297
 H        23.631866       16.559023       20.296297
 H        13.338445       13.840563       13.433250
 O        14.280003       13.894885       13.433250
 H        14.455078       12.968154       13.433250
 H        19.016615        6.598691        8.404515
 O        19.958174        6.653013        8.404515
 H        20.133247        5.726282        8.404515
 H         0.493448        7.063810        1.040136
 O         1.435006        7.118132        1.040136
 H         1.610081        6.191401        1.040136
 H         2.594095        9.292758        1.676244
 O         3.535653        9.347080        1.676244
 H         3.710728        8.420349        1.676244
 H        22.058512        4.866956       17.203690
 O        23.000071        4.921278       17.203690
 H        23.175144        3.994547       17.203690
 H        19.038801       19.121359       15.661725
 O        19.980360       19.175682       15.661725
 H        20.155434       18.248951       15.661725
 H        13.475740       18.038370       20.724800
 O        14.417298       18.092693       20.724800
 H        14.592374       17.165962       20.724800
 H         8.812001       10.143064       12.105118
 O         9.753559       10.197387       12.105118
 H         9.928635        9.270656       12.105118
 H        15.478854       17.505653        4.232038
 O        16.420412       17.559977        4.232038
 H        16.595488       16.633245        4.232038
 H        13.983868       12.481469        9.212621
 O        14.925426       12.535791        9.212621
 H        15.100501       11.609060        9.212621
 H         7.345247       20.081577        7.970872
 O         8.286804       20.135900        7.970872
 H         8.461880       19.209169        7.970872
 H        21.535116       11.124942       17.124096
 O        22.476675       11.179264       17.124096
 H        22.651749       10.252533       17.124096
 H         2.375160       17.697960       18.335112
 O         3.316718       17.752283       18.335112
 H         3.491793       16.825552       18.335112
 H         6.982421       15.984400       18.504766
 O         7.923979       16.038723       18.504766
 H         8.099054       15.111991       18.504766
 H         5.371390       22.812155       12.768194
 O         6.312947       22.866478       12.768194
 H         6.488023       21.939747       12.768194
 H        19.100506        2.642078       19.750235
 O        20.042065        2.696400       19.750235
 H        20.217138        1.769669       19.750235
 H        10.975019        7.289189       17.827873
 O        11.916577        7.343511       17.827873
 H        12.091653        6.416780       17.827873
 H         3.852027        3.120324       10.128233
 O         4.793584        3.174646       10.128233
 H         4.968660        2.247915       10.128233
 H        17.413198       15.335300        7.852499
 O        18.354757       15.389623        7.852499
 H        18.529831       14.462892        7.852499
 H        22.654030       21.930376       13.955709
 O        23.595589       21.984699       13.955709
 H        23.770662       21.057968       13.955709
 H         4.425373        6.525566       17.512373
 O         5.366930        6.579888       17.512373
 H         5.542006        5.653157       17.512373
 H        10.024965        5.954041        3.343753
 O        10.966523        6.008363        3.343753
 H        11.141599        5.081632        3.343753
 H         2.456992       15.769818       14.108511
 O         3.398550       15.824141       14.108511
 H         3.573625       14.897409       14.108511
 H        12.315559        1.343815        9.912938
 O        13.257117        1.398137        9.912938
 H        13.432193        0.471406        9.912938
 H         7.012490       21.413809        5.393716
 O         7.954047       21.468132        5.393716
 H         8.129123       20.541401        5.393716
 H         6.710302        5.060866        5.565602
 O         7.651859        5.115188        5.565602
 H         7.826935        4.188457        5.565602
